%YAML:1.0
---
K: !!opencv-matrix
   rows: 3
   cols: 3
   dt: d
   data: [ 2.2005675808162501e+04, 0., 2.2825275859502954e+03, 0.,
       2.2000676373725288e+04, 3.0130004029674337e+03, 0., 0., 1. ]
D: !!opencv-matrix
   rows: 1
   cols: 5
   dt: d
   data: [ -3.2069343955837365e-01, -1.9586624848143728e+01,
       -3.3277155846834607e-03, -7.2934551851153804e-03,
       1.5443394719638727e+03 ]
