%YAML:1.0
---
XFORM: !!opencv-matrix
   rows: 3
   cols: 3
   dt: d
   data: [ 1.6609621298992407e+00, -1.9063426446754097e-02,
       -4.6006353610919228e+02, 9.3880130255493150e-03,
       1.6656311531119230e+00, -2.0364675497400926e+03,
       -3.3166909653789156e-06, -9.9844646850768857e-08, 1. ]
